  -1.0000000000000000        1.0000000000000000       -1.0000000000000000        1.0000000000000000       -1.0000000000000000        1.0000000000000000   
 -0.97999999999999998        1.0000000000000000      -0.97999999999999998       0.94059999999999988      -0.88297999999999988       0.80886069999999965     
 -0.95999999999999996        1.0000000000000000      -0.95999999999999996       0.88239999999999985      -0.77183999999999975       0.63489119999999954     
 -0.93999999999999995        1.0000000000000000      -0.93999999999999995       0.82539999999999991      -0.66645999999999972       0.47727669999999978     
 -0.92000000000000004        1.0000000000000000      -0.92000000000000004       0.76960000000000006      -0.56672000000000022       0.33521920000000038     
 -0.90000000000000002        1.0000000000000000      -0.90000000000000002       0.71500000000000008      -0.47250000000000009       0.20793750000000000     
 -0.88000000000000000        1.0000000000000000      -0.88000000000000000       0.66159999999999997      -0.38368000000000008        9.4667200000000173E-002
 -0.85999999999999999        1.0000000000000000      -0.85999999999999999       0.60939999999999994      -0.30013999999999991       -5.3393000000001023E-003
 -0.83999999999999997        1.0000000000000000      -0.83999999999999997       0.55840000000000001      -0.22176000000000010       -9.2812799999999862E-002
 -0.82000000000000006        1.0000000000000000      -0.82000000000000006       0.50860000000000016      -0.14842000000000022      -0.16846729999999979     
 -0.80000000000000004        1.0000000000000000      -0.80000000000000004       0.46000000000000019       -8.0000000000000224E-002 -0.23299999999999982     
 -0.78000000000000003        1.0000000000000000      -0.78000000000000003       0.41259999999999997       -1.6379999999999988E-002 -0.28709129999999999     
 -0.76000000000000001        1.0000000000000000      -0.76000000000000001       0.36640000000000006        4.2559999999999931E-002 -0.33140479999999994     
 -0.73999999999999999        1.0000000000000000      -0.73999999999999999       0.32139999999999991        9.6940000000000096E-002 -0.36658730000000006     
 -0.71999999999999997        1.0000000000000000      -0.71999999999999997       0.27760000000000007       0.14687999999999993      -0.39326879999999997     
 -0.69999999999999996        1.0000000000000000      -0.69999999999999996       0.23499999999999988       0.19250000000000012      -0.41206250000000000     
 -0.67999999999999994        1.0000000000000000      -0.67999999999999994       0.19359999999999999       0.23392000000000002      -0.42356480000000002     
 -0.65999999999999992        1.0000000000000000      -0.65999999999999992       0.15339999999999987       0.27126000000000011      -0.42835529999999999     
 -0.64000000000000001        1.0000000000000000      -0.64000000000000001       0.11439999999999995       0.30464000000000008      -0.42699680000000007     
 -0.62000000000000000        1.0000000000000000      -0.62000000000000000        7.6600000000000001E-002  0.33417999999999998      -0.42003529999999994     
 -0.59999999999999998        1.0000000000000000      -0.59999999999999998        3.9999999999999925E-002  0.36000000000000004      -0.40800000000000003     
 -0.58000000000000007        1.0000000000000000      -0.58000000000000007        4.6000000000001595E-003  0.38221999999999984      -0.39140330000000001     
 -0.56000000000000005        1.0000000000000000      -0.56000000000000005       -2.9599999999999904E-002  0.40095999999999998      -0.37074080000000009     
 -0.54000000000000004        1.0000000000000000      -0.54000000000000004       -6.2599999999999933E-002  0.41633999999999993      -0.34649130000000000     
 -0.52000000000000002        1.0000000000000000      -0.52000000000000002       -9.4399999999999984E-002  0.42847999999999997      -0.31911680000000003     
 -0.50000000000000000        1.0000000000000000      -0.50000000000000000      -0.12500000000000000       0.43750000000000000      -0.28906250000000000     
 -0.47999999999999998        1.0000000000000000      -0.47999999999999998      -0.15440000000000004       0.44351999999999997      -0.25675679999999995     
 -0.45999999999999996        1.0000000000000000      -0.45999999999999996      -0.18260000000000004       0.44666000000000000      -0.22261129999999996     
 -0.43999999999999995        1.0000000000000000      -0.43999999999999995      -0.20960000000000006       0.44704000000000005      -0.18702079999999993     
 -0.42000000000000004        1.0000000000000000      -0.42000000000000004      -0.23539999999999994       0.44478000000000001      -0.15036330000000012     
 -0.40000000000000002        1.0000000000000000      -0.40000000000000002      -0.25999999999999995       0.43999999999999995      -0.11300000000000004     
 -0.38000000000000000        1.0000000000000000      -0.38000000000000000      -0.28339999999999999       0.43281999999999998       -7.5275300000000017E-002
 -0.35999999999999999        1.0000000000000000      -0.35999999999999999      -0.30559999999999998       0.42335999999999996       -3.7516799999999989E-002
 -0.33999999999999997        1.0000000000000000      -0.33999999999999997      -0.32660000000000000       0.41173999999999999       -3.5299999999988119E-005
 -0.31999999999999995        1.0000000000000000      -0.31999999999999995      -0.34640000000000004       0.39807999999999993        3.6875200000000080E-002
 -0.30000000000000004        1.0000000000000000      -0.30000000000000004      -0.36499999999999999       0.38250000000000006        7.2937499999999905E-002
 -0.28000000000000003        1.0000000000000000      -0.28000000000000003      -0.38239999999999996       0.36511999999999994       0.10789119999999996     
 -0.26000000000000001        1.0000000000000000      -0.26000000000000001      -0.39860000000000001       0.34606000000000003       0.14149269999999997     
 -0.23999999999999999        1.0000000000000000      -0.23999999999999999      -0.41360000000000002       0.32544000000000001       0.17351520000000004     
 -0.21999999999999997        1.0000000000000000      -0.21999999999999997      -0.42740000000000000       0.30337999999999998       0.20374870000000000     
 -0.19999999999999996        1.0000000000000000      -0.19999999999999996      -0.44000000000000006       0.27999999999999997       0.23200000000000010     
 -0.18000000000000005        1.0000000000000000      -0.18000000000000005      -0.45139999999999997       0.25542000000000004       0.25809269999999995     
 -0.16000000000000003        1.0000000000000000      -0.16000000000000003      -0.46160000000000001       0.22976000000000005       0.28186719999999998     
 -0.14000000000000001        1.0000000000000000      -0.14000000000000001      -0.47060000000000002       0.20314000000000002       0.30318069999999997     
 -0.12000000000000000        1.0000000000000000      -0.12000000000000000      -0.47839999999999999       0.17567999999999998       0.32190720000000000     
  -9.9999999999999978E-002   1.0000000000000000       -9.9999999999999978E-002 -0.48499999999999999       0.14749999999999996       0.33793750000000000     
  -7.9999999999999960E-002   1.0000000000000000       -7.9999999999999960E-002 -0.49040000000000000       0.11871999999999994       0.35117920000000002     
  -6.0000000000000053E-002   1.0000000000000000       -6.0000000000000053E-002 -0.49459999999999998        8.9460000000000081E-002  0.36155670000000001     
  -4.0000000000000036E-002   1.0000000000000000       -4.0000000000000036E-002 -0.49759999999999999        5.9840000000000053E-002  0.36901119999999998     
  -2.0000000000000018E-002   1.0000000000000000       -2.0000000000000018E-002 -0.49940000000000001        2.9980000000000024E-002  0.37350070000000002     
   0.0000000000000000        1.0000000000000000        0.0000000000000000      -0.50000000000000000       -0.0000000000000000       0.37500000000000000     
   2.0000000000000018E-002   1.0000000000000000        2.0000000000000018E-002 -0.49940000000000001       -2.9980000000000024E-002  0.37350070000000002     
   4.0000000000000036E-002   1.0000000000000000        4.0000000000000036E-002 -0.49759999999999999       -5.9840000000000053E-002  0.36901119999999998     
   6.0000000000000053E-002   1.0000000000000000        6.0000000000000053E-002 -0.49459999999999998       -8.9460000000000081E-002  0.36155670000000001     
   8.0000000000000071E-002   1.0000000000000000        8.0000000000000071E-002 -0.49040000000000000      -0.11872000000000010       0.35117919999999997     
  0.10000000000000009        1.0000000000000000       0.10000000000000009      -0.48499999999999999      -0.14750000000000013       0.33793749999999995     
  0.12000000000000011        1.0000000000000000       0.12000000000000011      -0.47839999999999994      -0.17568000000000014       0.32190719999999989     
  0.13999999999999990        1.0000000000000000       0.13999999999999990      -0.47060000000000002      -0.20313999999999988       0.30318070000000008     
  0.15999999999999992        1.0000000000000000       0.15999999999999992      -0.46160000000000001      -0.22975999999999988       0.28186720000000010     
  0.17999999999999994        1.0000000000000000       0.17999999999999994      -0.45140000000000002      -0.25541999999999992       0.25809270000000006     
  0.19999999999999996        1.0000000000000000       0.19999999999999996      -0.44000000000000006      -0.27999999999999997       0.23200000000000010     
  0.21999999999999997        1.0000000000000000       0.21999999999999997      -0.42740000000000000      -0.30337999999999998       0.20374870000000000     
  0.23999999999999999        1.0000000000000000       0.23999999999999999      -0.41360000000000002      -0.32544000000000001       0.17351520000000004     
  0.26000000000000001        1.0000000000000000       0.26000000000000001      -0.39860000000000001      -0.34606000000000003       0.14149269999999997     
  0.28000000000000003        1.0000000000000000       0.28000000000000003      -0.38239999999999996      -0.36511999999999994       0.10789119999999996     
  0.30000000000000004        1.0000000000000000       0.30000000000000004      -0.36499999999999999      -0.38250000000000006        7.2937499999999905E-002
  0.32000000000000006        1.0000000000000000       0.32000000000000006      -0.34639999999999993      -0.39808000000000004        3.6875199999999886E-002
  0.34000000000000008        1.0000000000000000       0.34000000000000008      -0.32659999999999989      -0.41173999999999999       -3.5300000000154652E-005
  0.36000000000000010        1.0000000000000000       0.36000000000000010      -0.30559999999999987      -0.42336000000000001       -3.7516800000000128E-002
  0.37999999999999989        1.0000000000000000       0.37999999999999989      -0.28340000000000010      -0.43281999999999998       -7.5275299999999823E-002
  0.39999999999999991        1.0000000000000000       0.39999999999999991      -0.26000000000000012      -0.43999999999999995      -0.11299999999999980     
  0.41999999999999993        1.0000000000000000       0.41999999999999993      -0.23540000000000011      -0.44478000000000001      -0.15036329999999987     
  0.43999999999999995        1.0000000000000000       0.43999999999999995      -0.20960000000000006      -0.44704000000000005      -0.18702079999999993     
  0.45999999999999996        1.0000000000000000       0.45999999999999996      -0.18260000000000004      -0.44666000000000000      -0.22261129999999996     
  0.47999999999999998        1.0000000000000000       0.47999999999999998      -0.15440000000000004      -0.44351999999999997      -0.25675679999999995     
  0.50000000000000000        1.0000000000000000       0.50000000000000000      -0.12500000000000000      -0.43750000000000000      -0.28906250000000000     
  0.52000000000000002        1.0000000000000000       0.52000000000000002       -9.4399999999999984E-002 -0.42847999999999997      -0.31911680000000003     
  0.54000000000000004        1.0000000000000000       0.54000000000000004       -6.2599999999999933E-002 -0.41633999999999993      -0.34649130000000000     
  0.56000000000000005        1.0000000000000000       0.56000000000000005       -2.9599999999999904E-002 -0.40095999999999998      -0.37074080000000009     
  0.58000000000000007        1.0000000000000000       0.58000000000000007        4.6000000000001595E-003 -0.38221999999999984      -0.39140330000000001     
  0.60000000000000009        1.0000000000000000       0.60000000000000009        4.0000000000000147E-002 -0.35999999999999988      -0.40800000000000003     
  0.62000000000000011        1.0000000000000000       0.62000000000000011        7.6600000000000223E-002 -0.33417999999999987      -0.42003530000000011     
  0.63999999999999990        1.0000000000000000       0.63999999999999990       0.11439999999999984      -0.30464000000000013      -0.42699680000000001     
  0.65999999999999992        1.0000000000000000       0.65999999999999992       0.15339999999999987      -0.27126000000000011      -0.42835529999999999     
  0.67999999999999994        1.0000000000000000       0.67999999999999994       0.19359999999999999      -0.23392000000000002      -0.42356480000000002     
  0.69999999999999996        1.0000000000000000       0.69999999999999996       0.23499999999999988      -0.19250000000000012      -0.41206250000000000     
  0.71999999999999997        1.0000000000000000       0.71999999999999997       0.27760000000000007      -0.14687999999999993      -0.39326879999999997     
  0.73999999999999999        1.0000000000000000       0.73999999999999999       0.32139999999999991       -9.6940000000000096E-002 -0.36658730000000006     
  0.76000000000000001        1.0000000000000000       0.76000000000000001       0.36640000000000006       -4.2559999999999931E-002 -0.33140479999999994     
  0.78000000000000003        1.0000000000000000       0.78000000000000003       0.41259999999999997        1.6379999999999988E-002 -0.28709129999999999     
  0.80000000000000004        1.0000000000000000       0.80000000000000004       0.46000000000000019        8.0000000000000224E-002 -0.23299999999999982     
  0.82000000000000006        1.0000000000000000       0.82000000000000006       0.50860000000000016       0.14842000000000022      -0.16846729999999979     
  0.84000000000000008        1.0000000000000000       0.84000000000000008       0.55840000000000023       0.22176000000000032       -9.2812799999999640E-002
  0.86000000000000010        1.0000000000000000       0.86000000000000010       0.60940000000000016       0.30014000000000030       -5.3392999999996582E-003
  0.87999999999999989        1.0000000000000000       0.87999999999999989       0.66159999999999974       0.38367999999999958        9.4667199999999452E-002
  0.89999999999999991        1.0000000000000000       0.89999999999999991       0.71499999999999986       0.47249999999999986       0.20793749999999978     
  0.91999999999999993        1.0000000000000000       0.91999999999999993       0.76959999999999984       0.56671999999999967       0.33521919999999950     
  0.93999999999999995        1.0000000000000000       0.93999999999999995       0.82539999999999991       0.66645999999999972       0.47727669999999978     
  0.95999999999999996        1.0000000000000000       0.95999999999999996       0.88239999999999985       0.77183999999999975       0.63489119999999954     
  0.97999999999999998        1.0000000000000000       0.97999999999999998       0.94059999999999988       0.88297999999999988       0.80886069999999965     
   1.0000000000000000        1.0000000000000000        1.0000000000000000        1.0000000000000000        1.0000000000000000        1.0000000000000000     
