   0.0000000000000000        0.0000000000000000        0.0000000000000000     
   3.1415926535897934E-002   4.4347504229757598E-002   4.4347504229753726E-002
   6.2831853071795868E-002  0.17660313502265015       0.17660313502265046     
   9.4247779607693788E-002  0.39441900159093263       0.39441900159093413     
  0.12566370614359174       0.69392426644451222       0.69392426644450811     
  0.15707963267948966        1.0697879105212336        1.0697879105212296     
  0.18849555921538758        1.5153052046279294        1.5153052046279267     
  0.21991148575128552        2.0225065140217966        2.0225065140217944     
  0.25132741228718347        2.5822867081148231        2.5822867081148266     
  0.28274333882308139        3.1845531197367678        3.1845531197367678     
  0.31415926535897931        3.8183897033204595        3.8183897033204626     
  0.34557519189487723        4.4722347834403910        4.4722347834403928     
  0.37699111843077515        5.1340695684191724        5.1340695684191697     
  0.40840704496667313        5.7916144316437013        5.7916144316437013     
  0.43982297150257105        6.4325298385264063        6.4325298385264036     
  0.47123889803846891        7.0446187216823661        7.0446187216823652     
  0.50265482457436694        7.6160270820670277        7.6160270820670277     
  0.53407075111026492        8.1354396199311001        8.1354396199311001     
  0.56548667764616278        8.5922672760948000        8.5922672760948000     
  0.59690260418206065        8.9768236900205540        8.9768236900205558     
  0.62831853071795862        9.2804877544916451        9.2804877544916433     
  0.65973445725385660        9.4958496646560597        9.4958496646560580     
  0.69115038378975446        9.6168381183381140        9.6168381183381157     
  0.72256631032565233        9.6388266207727842        9.6388266207727824     
  0.75398223686155030        9.5587171756111857        9.5587171756111839     
  0.78539816339744828        9.3750000000000018        9.3749999999999982     
  0.81681408993334625        9.0877882791413338        9.0877882791413338     
  0.84823001646924412        8.6988273690405062        8.6988273690404991     
  0.87964594300514209        8.2114782589451831        8.2114782589451831     
  0.91106186954104007        7.6306755109196489        7.6306755109196525     
  0.94247779607693782        6.9628602966795432        6.9628602966795432     
  0.97389372261283580        6.2158895448854734        6.2158895448854725     
   1.0053096491487339        5.3989225893567516        5.3989225893567507     
   1.0367255756846319        4.5222870641682293        4.5222870641682285     
   1.0681415022205298        3.5973261197245483        3.5973261197245461     
   1.0995574287564276        2.6362293294888208        2.6362293294888199     
   1.1309733552923256        1.6518499154112323        1.6518499154112318     
   1.1623892818282235       0.65751113717853538       0.65751113717853471     
   1.1938052083641213      -0.33319513724140781      -0.33319513724140776     
   1.2252211349000193       -1.3066145373780242       -1.3066145373780242     
   1.2566370614359172       -2.2492377544916442       -2.2492377544916446     
   1.2880529879718150       -3.1479063215283380       -3.1479063215283398     
   1.3194689145077132       -3.9900133922141543       -3.9900133922141565     
   1.3508848410436110       -4.7636963794733456       -4.7636963794733456     
   1.3823007675795089       -5.4580184395339524       -5.4580184395339542     
   1.4137166941154069       -6.0631359616924181       -6.0631359616924181     
   1.4451326206513047       -6.5704494420202177       -6.5704494420202186     
   1.4765485471872029       -6.9727353788742326       -6.9727353788742326     
   1.5079644737231006       -7.2642571248359333       -7.2642571248359316     
   1.5393804002589986       -7.4408529589822798       -7.4408529589822789     
   1.5707963267948966       -7.5000000000000000       -7.5000000000000000     
   1.6022122533307945       -7.4408529589822798       -7.4408529589822789     
   1.6336281798666925       -7.2642571248359333       -7.2642571248359324     
   1.6650441064025905       -6.9727353788742317       -6.9727353788742317     
   1.6964600329384882       -6.5704494420202240       -6.5704494420202231     
   1.7278759594743862       -6.0631359616924199       -6.0631359616924190     
   1.7592918860102842       -5.4580184395339577       -5.4580184395339568     
   1.7907078125461819       -4.7636963794733536       -4.7636963794733544     
   1.8221237390820801       -3.9900133922141525       -3.9900133922141516     
   1.8535396656179779       -3.1479063215283483       -3.1479063215283491     
   1.8849555921538756       -2.2492377544916549       -2.2492377544916549     
   1.9163715186897738       -1.3066145373780280       -1.3066145373780285     
   1.9477874452256716      -0.33319513724141925      -0.33319513724141936     
   1.9792033717615698       0.65751113717853904       0.65751113717853937     
   2.0106192982974678        1.6518499154112340        1.6518499154112332     
   2.0420352248333655        2.6362293294888168        2.6362293294888164     
   2.0734511513692637        3.5973261197245572        3.5973261197245572     
   2.1048670779051615        4.5222870641682338        4.5222870641682329     
   2.1362830044410597        5.3989225893567623        5.3989225893567605     
   2.1676989309769574        6.2158895448854734        6.2158895448854725     
   2.1991148575128552        6.9628602966795352        6.9628602966795334     
   2.2305307840487534        7.6306755109196533        7.6306755109196516     
   2.2619467105846511        8.2114782589451831        8.2114782589451831     
   2.2933626371205489        8.6988273690404991        8.6988273690405009     
   2.3247785636564471        9.0877882791413356        9.0877882791413374     
   2.3561944901923448        9.3749999999999982        9.3749999999999982     
   2.3876104167282426        9.5587171756111839        9.5587171756111857     
   2.4190263432641408        9.6388266207727877        9.6388266207727824     
   2.4504422698000385        9.6168381183381193        9.6168381183381175     
   2.4818581963359367        9.4958496646560597        9.4958496646560580     
   2.5132741228718345        9.2804877544916469        9.2804877544916451     
   2.5446900494077322        8.9768236900205594        8.9768236900205594     
   2.5761059759436300        8.5922672760948053        8.5922672760948036     
   2.6075219024795286        8.1354396199310948        8.1354396199310930     
   2.6389378290154264        7.6160270820670251        7.6160270820670277     
   2.6703537555513241        7.0446187216823679        7.0446187216823697     
   2.7017696820872219        6.4325298385264089        6.4325298385264125     
   2.7331856086231197        5.7916144316437119        5.7916144316437128     
   2.7646015351590179        5.1340695684191777        5.1340695684191759     
   2.7960174616949161        4.4722347834403902        4.4722347834403928     
   2.8274333882308138        3.8183897033204621        3.8183897033204626     
   2.8588493147667116        3.1845531197367731        3.1845531197367758     
   2.8902652413026093        2.5822867081148320        2.5822867081148342     
   2.9216811678385075        2.0225065140218006        2.0225065140218028     
   2.9530970943744057        1.5153052046279292        1.5153052046279267     
   2.9845130209103035        1.0697879105212347        1.0697879105212391     
   3.0159289474462012       0.69392426644451510       0.69392426644451777     
   3.0473448739820994       0.39441900159093296       0.39441900159093413     
   3.0787608005179972       0.17660313502265132       0.17660313502265046     
   3.1101767270538954        4.4347504229757431E-002   4.4347504229753726E-002
   3.1415926535897931        6.7489190219783590E-031   0.0000000000000000     
