   0.0000000000000000        0.0000000000000000        0.0000000000000000        0.0000000000000000        0.0000000000000000        0.0000000000000000        0.0000000000000000     
   4.0000000000000001E-002   1.1304661151607050E-002   1.5974415354540032E-002   1.9548927435209335E-002   2.2555088865760280E-002   2.5197165921443495E-002   2.7580007029883672E-002
   8.0000000000000002E-002   3.1897763665377055E-002   4.4965897184996120E-002   5.4895333776849804E-002   6.3184396103961316E-002   7.0415518997061277E-002   7.6888438364819151E-002
  0.12000000000000000        5.8366002127327204E-002   8.1947689449075309E-002   9.9640637401058843E-002  0.11422268121362592       0.12677864802194302       0.13786934604183809     
  0.16000000000000000        8.9358527259136802E-002  0.12475447903666365       0.15082821285872258       0.17191275669692033       0.18971177078890022       0.20511184920457068     
  0.20000000000000001       0.12398641468498545       0.17183640381357068       0.20621800576730617       0.23329217661039028       0.25550332334872006       0.27413491537632195     
  0.23999999999999999       0.16155640453944353       0.22189517094634331       0.26386077567999000       0.29572929492538769       0.32082204728299235       0.34090243035248924     
  0.28000000000000003       0.20147803248997723       0.27376359379772397       0.32196842044069401       0.35679873769449949       0.38261036168542611       0.40174618897914083     
  0.32000000000000001       0.24322269025347248       0.32635762327898460       0.37887182340448239       0.41425598161970789       0.43808541707322390       0.45340202261532336     
  0.35999999999999999       0.28630337431162212       0.37865697625885369       0.43301256889626311       0.46604885896370196       0.48477761457044749       0.49308086199691931     
  0.40000000000000002       0.33026414426588163       0.42969890942744587       0.48294947292610557       0.51034353121610376       0.52058060375787985       0.51854491780681500     
  0.44000000000000000       0.37467464691630203       0.47857855432661495       0.52737164784967538       0.54555486128837394       0.54380066181773101       0.52817457667508361     
  0.47999999999999998       0.41912747362245090       0.52445259828912483       0.56511392261550386       0.57037588597372646       0.55319884200445724       0.52101796068386086     
  0.52000000000000002       0.46323716953624672       0.56654456564921363       0.59517225111355310       0.58380326337871946       0.54802192350718626       0.49681841743897726     
  0.56000000000000005       0.50664021997022746       0.60415066697853226       0.61671764614439351       0.58515672644185435       0.52801974085560732       0.45601736645102958     
  0.59999999999999998       0.54899560368247524       0.63664556329698818       0.62910768519453242       0.57409129071800868       0.49344754607484625       0.39973158152587956     
  0.64000000000000001       0.58998565044213480       0.66348761136801149       0.63189495524739492       0.55060147513297852       0.44505290577187895       0.32970537892801616     
  0.68000000000000005       0.62931702752218643       0.68422329361230771       0.62483202986989539       0.51501719849517635       0.38404735651988858       0.24823939019488556     
  0.71999999999999997       0.66672173422759062       0.69849062950153973       0.60787274622639342       0.46799135632629052       0.31206367237774074       0.15809864554515735     
  0.76000000000000001       0.70195801932723234       0.70602143357725922       0.58116969353306458       0.41047938093599279       0.23110014843509072        6.2403571965675877E-002
  0.80000000000000004       0.73481116092509224       0.70664233850310121       0.54506794802496894       0.34371134964146260       0.14345377258283915       -3.5491796135456527E-002
  0.83999999999999997       0.76509406614240105       0.70027454520582166       0.50009519758365817       0.26915743302640599        5.1644538564940203E-002 -0.13212960186471331     
  0.88000000000000000       0.79264766145453214       0.68693229914194764       0.44694849379365542       0.18848766606042369       -4.1666559608832102E-002 -0.22408087159682841     
  0.92000000000000004       0.81734105509831090       0.66672012364187860       0.38647795096991283       0.10352717783550573      -0.13376312366737689      -0.30807599942669622     
  0.95999999999999996       0.83907146152436518       0.63982886897895441       0.31966778055871720        1.6208128781073906E-002 -0.22195972263931177      -0.38112801324129186     
   1.0000000000000000       0.85776388496070688       0.60653065971263342       0.24761510494160163       -7.1480323746725569E-002 -0.30368623960760460      -0.44064397156820317     
   1.0400000000000000       0.87337056511730582       0.56717284315798699       0.17150703673842971      -0.15754267998996513      -0.37656750536239397      -0.48452036890389133     
   1.0800000000000001       0.88587019310990367       0.52217105861808744        9.2596538021996813E-002 -0.24002703103357148      -0.43849573356482680      -0.51121911230300365     
   1.1200000000000001       0.89526690994973090       0.47200156031484702        1.2177588452274828E-002 -0.31707297846286769      -0.48769355611983695      -0.51982144208698078     
   1.1599999999999999       0.90158910352114652       0.41719293679675917       -6.8439807493787613E-002 -0.38695633337852664      -0.52276581049409088      -0.51005806873250759     
   1.2000000000000000       0.90488802290969306       0.35831737603980185      -0.14795425571130902      -0.44812950536161306      -0.54273863840893899      -0.48231474770541183     
   1.2400000000000000       0.90523623129003006       0.29598162857815991      -0.22509675529586953      -0.49925663742920445      -0.54708490188108139      -0.43761347452565358     
   1.2800000000000000       0.90272592036930466       0.23081782093631451      -0.29865316885858839      -0.53924271100067112      -0.53573539127637049      -0.37757041462354690     
   1.3200000000000001       0.89746711063553164       0.16347426856221969      -0.36748496440557471      -0.56725602964945732      -0.50907577392701742      -0.30433254976510099     
   1.3600000000000001       0.88958576241086107        9.4606431607177577E-002 -0.43054786519297017      -0.58274368589494374      -0.46792969435102472      -0.22049579190235227     
   1.3999999999999999       0.87922182298592599        2.4868148528022025E-002 -0.48690810276624236      -0.58543981534917267      -0.41352887257940635      -0.12900795816144794     
   1.4399999999999999       0.86652723494612471       -4.5096728096013908E-002 -0.53575603192341748      -0.57536664113144953      -0.34747144141682595       -3.3060495255086537E-002
   1.4800000000000000       0.85166393022897302      -0.11466218160395246      -0.57641693283435769      -0.55282850284563345      -0.27167010447200429        6.4026827421047358E-002
   1.5200000000000000       0.83480183351193948      -0.18322726921617855      -0.60835889323667691      -0.51839924328300346      -0.18829197466526185       0.15892387753927517     
   1.5600000000000001       0.81611689726352366      -0.25022266513952945      -0.63119773080157837      -0.47290348767510304       -9.9692160421742393E-002  0.24840640744445222     
   1.6000000000000001       0.79578918924016018      -0.31511644197973104      -0.64469898080480403      -0.41739249080871621       -8.3432994191773007E-003  0.32946640467638422     
   1.6399999999999999       0.77400105142285880      -0.37741903999672566      -0.64877703566918776      -0.35311534347920193        8.3236704084949778E-002  0.39941269451137185     
   1.6799999999999999       0.75093534740625334      -0.43668739017790337      -0.64349157945434898      -0.28148641932717494       0.17255650158494498       0.45595841330118908     
   1.7200000000000000       0.72677381312508227      -0.49252817327692883      -0.62904151083874926      -0.20405000471253740       0.25722053656273169       0.49729255361683961     
   1.7600000000000000       0.70169552357453280      -0.54460021256126201      -0.60575659166669904      -0.12244308746994141       0.33499370561073499       0.52213345029085212     
   1.8000000000000000       0.67587548589557911      -0.59261601275000086      -0.57408709404157265       -3.8357285575545845E-002  0.40385966986098121       0.52976280134152598     
   1.8400000000000001       0.64948336689650954      -0.63634247126134369      -0.53459174679208499        4.6499124833648493E-002  0.46207130461317941       0.52003956933286877     
   1.8799999999999999       0.62268236080680661      -0.67560080022051183      -0.48792430170708662       0.13043816904582622       0.50819207469727623       0.49339385706112121     
   1.9199999999999999       0.59562820084563750      -0.71026570854019733      -0.43481905123465159       0.21182727653737421       0.54112744829253911       0.45080156806652161     
   1.9600000000000000       0.56846831606708270      -0.74026390265443542      -0.37607563259082716       0.28912177019980845       0.56014580072643527       0.39374132136043144     
   2.0000000000000000       0.54134113294645092      -0.76557197208328753      -0.31254344883005036       0.36089408863096728       0.56488860039967370       0.32413566838863361     
   2.0400000000000000       0.51437551932095882      -0.78621373189097732      -0.24510602596794234       0.42585920323936671       0.55537000018367377       0.24427914026263131     
   2.0800000000000001       0.48769036661358911      -0.80225709827447944      -0.17466560743411338       0.48289581500341772       0.53196626908412226       0.15675602103935041     
   2.1200000000000001       0.46139430476655263      -0.81381057601967788      -0.10212826379676672       0.53106304287297945       0.49539578155899755        6.4350989696851740E-002
   2.1600000000000001       0.43558554300148367      -0.82101943745780359       -2.8389767754413587E-002  0.56961244322752025       0.44669052800061415       -3.0044104072694092E-002
   2.2000000000000002       0.41035182841402551      -0.82406167194455138        4.5677547201558373E-002  0.59799532396810651       0.38716031357837594      -0.12352406558836862     
   2.2400000000000002       0.38577051350344693      -0.82314378289132173       0.11923676029691989       0.61586543449560205       0.31835096970156024      -0.21326163503812762     
   2.2799999999999998       0.36190872303219290      -0.81849650614564584       0.19149702091779974       0.62307722118870479       0.24199801041758781      -0.29659329792763195     
   2.3199999999999998       0.33882361010114664      -0.81037051920434966       0.26172277837849472       0.61967993467366222       0.15997722450782725      -0.37109701923119365     
   2.3599999999999999       0.31656269100607809      -0.79903220551718979       0.32924150884637882       0.60590795830098421        7.4253703964062820E-002 -0.43465968729494553     
   2.3999999999999999       0.29516424829879362      -0.78475953217500971       0.39344989967631466       0.58216779546062214       -1.3169226451372647E-002 -0.48553250430096195     
   2.4399999999999999       0.27465779150013009      -0.76783809275083004       0.45381848506294947       0.54902220584618944      -0.10029979176747371      -0.52237304910321192     
   2.4800000000000000       0.25506456508654490      -0.74855736014778285       0.50989475816970675       0.50717201720084593      -0.18520498943806135      -0.54427324563973456     
   2.5200000000000000       0.23639809368167111      -0.72720718717122912       0.56130481320623171       0.45743615960401174      -0.26605412561292263      -0.55077297657044100     
   2.5600000000000001       0.21866475481186096      -0.70407458534088307       0.60775359588445210       0.40073047459087813      -0.34115770853415534      -0.54185956917540878     
   2.6000000000000001       0.20186437011294037      -0.67944080533722129       0.64902386198635786       0.33804584232603851      -0.40900092986680447      -0.51795383261097183     
   2.6400000000000001       0.18599080648645530      -0.65357873556528756       0.68497396123750198       0.27042614799717302      -0.46827116251076639      -0.47988372844732241     
   2.6800000000000002       0.17103257938011660      -0.62675062873260645       0.71553457722185587       0.19894657513645089      -0.51787910477551580      -0.42884709881335970     
   2.7200000000000002       0.15697345109195948      -0.59920616017347550       0.74070456372079707       0.12469267049288962      -0.55697339929300760      -0.36636515022807459     
   2.7599999999999998       0.14379301775470438      -0.57118081598889547       0.76054602372877644        4.8740574271214990E-002 -0.58494874482955750      -0.29422859114805883     
   2.7999999999999998       0.13146727943074113      -0.54289460397140266       0.77517877968881710       -2.7861247015785896E-002 -0.60144769508987872      -0.21443844529858341     
   2.8399999999999999       0.11996918852505797      -0.51455107579120718       0.78477438246936027      -0.10410848820488686      -0.60635649637911304      -0.12914361177599676     
   2.8799999999999999       0.10926917249063166      -0.48633664506152008       0.78954980259243612      -0.17905549904766366      -0.59979545220976482       -4.0577220165964989E-002
   2.9199999999999999        9.9335627547106661E-002 -0.45842018268836437       0.78976094058618340      -0.25182763147157367      -0.58210441517109890        4.9006259700696109E-002
   2.9600000000000000        9.0135380849307348E-002 -0.43095286834046792       0.78569608446552830      -0.32163134919837827      -0.55382409313519965       0.13739134051629109     
   3.0000000000000000        8.1634119219115106E-002 -0.40406827493219144       0.77766943165253266      -0.38776206629079674      -0.51567391759676906       0.22245765567830217     
   3.0400000000000000        7.3796783185886144E-002 -0.37788266166968559       0.76601478054563366      -0.44960973490937556      -0.46852725693672237       0.30223053019495622     
   3.0800000000000001        6.6587925661768951E-002 -0.35249545043095315       0.75107948384091960      -0.50666225106818374      -0.41338476774518962       0.37492486390972679     
   3.1200000000000001        5.9972035105312502E-002 -0.32798985998987162       0.73321874198835946      -0.55850678970983714      -0.35134666479488874       0.43898148583748092     
   3.1600000000000001        5.3913823497299382E-002 -0.30443367280227746       0.71279030119645237      -0.60482921644268084      -0.28358465713520298       0.49309542384500304     
   3.2000000000000002        4.8378479865682028E-002 -0.28188010969452998       0.69014960651356605      -0.64541175248904026      -0.21131424682614935       0.53623581557458500     
   3.2400000000000002        4.3331890451865578E-002 -0.26036878877465514       0.66564544701023987      -0.68012909169096880      -0.13576802109764055       0.56765745534613055     
   3.2799999999999998        3.8740826909373235E-002 -0.23992674616532841       0.63961611722072598      -0.70894318391238231       -5.8170491426521635E-002  0.58690421993328201     
   3.3199999999999998        3.4573104170020130E-002 -0.22056949767908973       0.61238610698842100      -0.73189690814022346        2.0285052549684497E-002  0.59380483713041954     
   3.3599999999999999        3.0797709804703970E-002 -0.20230212226341243       0.58426332087001054      -0.74910686144618688        9.8457296994644783E-002  0.58846164994321692     
   3.3999999999999999        2.7384906848974551E-002 -0.18512034988328671       0.55553681841563696      -0.76075548726840636       0.17527498104281186       0.57123318261727218     
   3.4399999999999999        2.4306312161324402E-002 -0.16901163843211836       0.52647505804484385      -0.76708275884518984       0.24975210428416802       0.54271143065864280     
   3.4800000000000000        2.1534952438618388E-002 -0.15395622622233560       0.49732461992910165      -0.76837762178050839       0.32100016007285398       0.50369487503495891     
   3.5200000000000000        1.9045300032466378E-002 -0.13992814856426342       0.46830937728476812      -0.76496938438117967       0.38823737301854300       0.45515826174055812     
   3.5600000000000001        1.6813290696949857E-002 -0.12689620885959207       0.43963008075683596      -0.75721922632886385       0.45079499452692084       0.39822019389707675     
   3.6000000000000001        1.4816325356285605E-002 -0.11482489648338533       0.41146431708775505      -0.74551197617679743       0.50812077703077885       0.33410955755910771     
   3.6400000000000001        1.3033257915019619E-002 -0.10367524548044461       0.38396680094767222      -0.73024828680286080       0.55977980460981447       0.26413174820067908     
   3.6800000000000002        1.1444371047337039E-002  -9.3405629737507670E-002  0.35726995756466134      -0.71183731597244582       0.60545290444015532       0.18963558684036255     
   3.7200000000000002        1.0031341799994051E-002  -8.3972491796624332E-002  0.33148475353359758      -0.69068999717285451       0.64493289971659429       0.11198171764859595     
   3.7599999999999998        8.7771987289319599E-003  -7.5331003836165228E-002  0.30670173378795351      -0.66721296441261946       0.67811899045872737        3.2513167557065577E-002
   3.7999999999999998        7.6662721662469494E-003  -6.7435660557575758E-002  0.28299222407158292      -0.64180317419532684       0.70500956434818529       -4.7471372283532431E-002
   3.8399999999999999        6.6841390849825969E-003  -6.0240804775338892E-002  0.26040966022676404      -0.61484324875969143       0.72569374609826065      -0.12674110870637112     
   3.8799999999999999        5.8175638969818425E-003  -5.3701087415200549E-002  0.23899100810046855      -0.58669754722660628       0.74034199168067294      -0.20415324360236464     
   3.9199999999999999        5.0544363862510457E-003  -4.7771864385050017E-002  0.21875824074682634      -0.55770895573149581       0.74919602402942387      -0.27866941923147126     
   3.9600000000000000        4.3837078490849930E-003  -4.2409533399891439E-002  0.19971984275984703      -0.52819637409271514       0.75255839071454900      -0.34936844038695491     
   4.0000000000000000        3.7953263843924110E-003  -3.7571814325081325E-002  0.18187231490439015      -0.49845286515020337       0.75078190269213363      -0.41545530759349042     
   4.0400000000000000        3.2801721547458329E-003  -3.3217976959985102E-002  0.16520165563224878      -0.46874442361580565       0.74425918776937017      -0.47626668923900345     
   4.0800000000000001        2.8299933218618053E-003  -2.9309020428119531E-002  0.14968479949149291      -0.43930931406468338       0.73341256403040977      -0.53127304086784777     
   4.1200000000000001        2.4373432504253977E-003  -2.5807808481150250E-002  0.13529099578934622      -0.41035792247560327       0.71868440825115454      -0.58007764585354116     
   4.1600000000000001        2.0955194720818130E-003  -2.2679165074669196E-002  0.12198311409150167      -0.38207306236741573       0.70052816330862555      -0.62241290293858753     
   4.2000000000000002        1.7985048074734549E-003  -1.9889934545447383E-002  0.10971886618468261      -0.35461067492015663       0.67940009768087495      -0.65813422280143818     
   4.2400000000000002        1.5409109586458540E-003  -1.7409010624637740E-002   9.8451936955980465E-002 -0.32810086233042007       0.65575190013775497      -0.68721191845548824     
   4.2800000000000002        1.3179248070453507E-003  -1.5207338370592623E-002   8.8133019223788245E-002 -0.30264919483628433       0.63002416431655406      -0.70972148384360423     
   4.3200000000000003        1.1252575835975550E-003  -1.3257892909380432E-002   7.8710749872153707E-002 -0.27833823415436149       0.60264079160511264      -0.72583265270206077     
   4.3600000000000003        9.5909701677372738E-004  -1.1535638640842354E-002   7.0132546682821817E-002 -0.25522921929716069       0.57400431703480603      -0.73579761708709124     
   4.4000000000000004        8.1606251180215013E-004  -1.0017472312394539E-002   6.2345347024367233E-002 -0.23336386468431433       0.54449214200837193      -0.73993876348752663     
   4.4400000000000004        6.9316336886172047E-004  -8.6821530901354110E-003   5.5296251049440200E-002 -0.21276622493729413       0.51445363982774461      -0.73863625586408699     
   4.4800000000000004        5.8776000974069046E-004  -7.5102224745997367E-003   4.8933073278527937E-002 -0.19344458557807059       0.48420808521326469      -0.73231576094620621     
   4.5199999999999996        4.9752815054628151E-004  -6.4839166232016857E-003   4.3204807425501326E-002 -0.17539334387776007       0.45404334729217855      -0.72143657332128974     
   4.5599999999999996        4.2042583207439944E-004  -5.5870733585773108E-003   3.8062010063769025E-002 -0.15859484917953653       0.42421527677510079      -0.70648035781686558     
   4.5999999999999996        3.5466319884280590E-004  -4.8050358663124064E-003   3.3457109261835753E-002 -0.14302117702788306       0.39494771206152668      -0.68794068582036461     
   4.6399999999999997        2.9867490200421272E-004  -4.1245548206973147E-003   2.9344644654877985E-002 -0.12863581627002244       0.36643302559491236      -0.66631350176275894     
   4.6799999999999997        2.5109498984541716E-004  -3.5336904261571681E-003   2.5681445586980375E-002 -0.11539525287091135       0.33883313066133491      -0.64208861709151521     
   4.7199999999999998        2.1073414181901499E-004  -3.0217156270881001E-003   2.2426753979518186E-002 -0.10325043843490302       0.31228086970497843      -0.61574229256745483     
   4.7599999999999998        1.7655909754425009E-004  -2.5790215215514105E-003   1.9542298477151596E-002  -9.2148135307182480E-002  0.28688170781705891      -0.58773093634023355     
   4.7999999999999998        1.4767413048059934E-004  -2.1970258156045817E-003   1.6992326215533052E-002  -8.2032133604553525E-002  0.26271565903778965      -0.55848591550215121     
   4.8399999999999999        1.2330441658236008E-004  -1.8680849754360088E-003   1.4743598264495854E-002  -7.2844338580924220E-002  0.23983937819551895      -0.52840945302650710     
   4.8799999999999999        1.0278115078042520E-004  -1.5854105739321136E-003   1.2765354446106896E-002  -6.4525729363424350E-002  0.21828835690896728      -0.49787156033805940     
   4.9199999999999999        8.5528268240978215E-005  -1.3429901864888179E-003   1.1029252825798159E-002  -5.7017192306956732E-002  0.19807916883330459      -0.46720793826722290     
   4.9600000000000000        7.1050632689311050E-005  -1.1355130671325568E-003   9.5092887423188898E-003  -5.0260234023607894E-002  0.17921171599876506      -0.43671876570855606     
   5.0000000000000000        5.8923560366300045E-005  -9.5830072945330997E-004   8.1816977921022275E-003  -4.4197580571422229E-002  0.16167143495932818      -0.40666828573542291     
   5.0400000000000000        4.8783555146745533E-005  -8.0724246641109649E-004   7.0248467275813220E-003  -3.8773670362752206E-002  0.14543142825572269      -0.37728509293088264     
   5.0800000000000001        4.0320137768301494E-005  -6.7873576757147489E-004   6.0191157769657194E-003  -3.3935049107816861E-002  0.13045449324869574      -0.34876302293217543     
   5.1200000000000001        3.3268659804629953E-005  -5.6963153048924359E-004   5.1467754531922131E-003  -2.9630675578732304E-002  0.11669502657173940      -0.32126254526255077     
   5.1600000000000001        2.7404000804137519E-005  -4.7718391348896844E-004   4.3918604987552134E-003  -2.5812147198822129E-002  0.10410078819243490      -0.29491256302572788     
   5.2000000000000002        2.2535054770994350E-005  -3.9900463867622844E-004   3.7400432159414299E-003  -2.2433854467215738E-002   9.2614514289916974E-002 -0.26981252754304957     
   5.2400000000000002        1.8499919777872698E-005  -3.3302152536769642E-004   3.1785080623224992E-003  -1.9453073054526239E-002   8.2175372808710734E-002 -0.24603478210594931     
   5.2800000000000002        1.5161711882092719E-005  -2.7744101400862983E-004   2.6958290516572022E-003  -1.6830002085090983E-002   7.2720259613914678E-002 -0.22362705629891935     
   5.3200000000000003        1.2404931600641283E-005  -2.3071442787268992E-004   2.2818511920252105E-003  -1.4527756686039237E-002   6.4184936645753532E-002 -0.20261504045022843     
   5.3600000000000003        1.0132317934269188E-005  -1.9150771330560268E-004   1.9275769165526381E-003  -1.2512322361925083E-002   5.6505016365016515E-002 -0.18300497835264876     
   5.4000000000000004        8.2621312811248784E-006  -1.5867439795924618E-004   1.6250582172350452E-003  -1.0752478171584751E-002   4.9616799119815098E-002 -0.16478622516668065     
   5.4400000000000004        6.7258125236219956E-006  -1.3123150943368913E-004   1.3672949782381027E-003  -9.2196950639973317E-003   4.3457971883474805E-002 -0.14793372611800368     
   5.4800000000000004        5.4659710968427588E-006  -1.0833820316066298E-004   1.1481398202962672E-003  -7.8880150919496649E-003   3.7968178155668705E-002 -0.13241038001546590     
   5.5199999999999996        4.4346599501705838E-006  -8.9276857473686013E-005   9.6220961070341655E-004  -6.7339165829232005E-003   3.3089469731559761E-002 -0.11816925957415168     
   5.5599999999999996        3.5919000008233176E-006  -7.3436404958197028E-005   8.0480366190354704E-004  -5.7361697196397195E-003   2.8766651577094075E-002 -0.10515566789854210     
   5.5999999999999996        2.9044209591901386E-006  -6.0297681786285742E-005   6.7182853368131753E-004  -4.8756863792049744E-003   2.4947531254026371E-002  -9.3309017169598399E-002
   5.6399999999999997        2.3445892965822035E-006  -4.9420590323088878E-005   5.5972926716962900E-004  -4.1353675083497495E-003   2.1583084266580860E-002  -8.2564521526928059E-002
   5.6799999999999997        1.8894976448085529E-006  -4.0432884429635419E-005   4.6542681106041372E-004  -3.4999507791948379E-003   1.8627546401867354E-002  -7.2854701313411208E-002
   5.7199999999999998        1.5201930849026127E-006  -3.3020401233397776E-005   3.8626134928333326E-004  -2.9558607795518825E-003   1.6038443654462716E-002  -6.4110700251016506E-002
   5.7599999999999998        1.2210246219298328E-006  -2.6918577409764908E-005   3.1994120284022033E-004  -2.4910635465616045E-003   1.3776569704578068E-002  -5.6263420761003630E-002
   5.7999999999999998        9.7909267752932623E-007  -2.1905101988305782E-005   2.6449695439584043E-004  -2.0949268535176819E-003   1.1805920197539406E-002  -4.9244485564678794E-002
   5.8399999999999999        7.8378568537268208E-007  -1.7793571190248905E-005   2.1824043070762462E-004  -1.7580873068401696E-003   1.0093592284125524E-002  -4.2987035951143393E-002
   5.8799999999999999        6.2639087054685809E-007  -1.4428023684981849E-005   1.7972817326004372E-004  -1.4723250021561442E-003   8.6096570563731836E-003  -3.7426378734568791E-002
   5.9199999999999999        4.9976805488921012E-007  -1.1678246828136200E-005   1.4772902994589657E-004  -1.2304462233368348E-003   7.3270116770459701E-003  -3.2500495010232812E-002
   5.9600000000000000        3.9807687856007823E-007  -9.4357558486057593E-006   1.2119550886527730E-004  -1.0261744435603815E-003   6.2212171740396839E-003  -2.8150424424023983E-002
   6.0000000000000000        3.1654918459304590E-007  -7.6103585501637067E-006   9.9238548016547480E-005  -8.5404970003203782E-004   5.2703270704638552E-003  -2.4320538863315647E-002
   6.0400000000000000        2.5129949755050901E-007  -6.1272278708720171E-006   8.1105370715752560E-005  -7.0933626064839704E-004   4.4547112601348608E-003  -2.0958719325682315E-002
   6.0800000000000001        1.9916755814980345E-007  -4.9244136038429622E-006   6.6160115038356137E-005  -5.8793837825422024E-004   3.7568788264851745E-003  -1.8016449290548749E-002
   6.1200000000000001        1.5758776986178826E-007  -3.9507327439374300E-006   5.3866945610254476E-005  -4.8632383279652807E-004   3.1613028471609529E-003  -1.5448837267921903E-002
   6.1600000000000001        1.2448118668774258E-007  -3.1639853154105534E-006   4.3775376996880870E-005  -4.0145489027747260E-004   2.6542496309542628E-003  -1.3214580383060538E-002
   6.2000000000000002        9.8166337895213477E-008  -2.5294491921707750E-006   3.5507559183782385E-005  -3.3072625671958769E-004   2.2236143000771195E-003  -1.1275879925699913E-002
   6.2400000000000002        7.7285758416427645E-008  -2.0186133877066461E-006   2.8747296751934984E-005  -2.7190957233835220E-004   1.8587641591648713E-003  -9.5983187905841587E-003
   6.2800000000000002        6.0745584590814937E-008  -1.6081146120028413E-006   2.3230593965159452E-005  -2.2310397293773775E-004   1.5503908813369487E-003  -8.1507096997096851E-003
   6.3200000000000003        4.7665994470006621E-008  -1.2788466160259097E-006   1.8737537828534147E-005  -1.8269223961477887E-004   1.2903721885208488E-003  -6.9049220569538617E-003
   6.3600000000000003        3.7340629376263504E-008  -1.0152160193234021E-006   1.5085350041700358E-005  -1.4930206184207213E-004   1.0716434045678698E-003  -5.8356942679887395E-003
   6.4000000000000004        2.9203437144495033E-008  -8.0452199117672128E-007   1.2122456517525566E-005  -1.2177195081232872E-004   8.8807901135754506E-004  -4.9204373825405484E-003
   6.4400000000000004        2.2801634851450569E-008  -6.3644037747869251E-007   9.7234396748982789E-006  -9.9121357749573457E-005   7.3438413561913304E-004  -4.1390349972409658E-003
   6.4800000000000004        1.7773706330735634E-008  -5.0259567901183407E-007   7.7847539976706607E-006  -8.0524574134401347E-005   6.0599573291850639E-004  -3.4736435062616994E-003
   6.5199999999999996        1.3831533077643844E-008  -3.9620673460969139E-007   6.2210993680389185E-006  -6.5288016103825049E-005   4.9899311045898146E-004  -2.9084960105677051E-003
   6.5599999999999996        1.0745911231462086E-008  -3.1179408459879682E-007   4.9623594477194546E-006  -5.2830522531799426E-005   4.1001733740728407E-004  -2.4297124986523595E-003
   6.5999999999999996        8.3348365070127734E-009  -2.4493882285373338E-007   3.9510239313224922E-006  -4.2666324532863258E-005   3.3619902595443703E-004  -2.0251182930173892E-003
   6.6399999999999997        6.4540469777341685E-009  -1.9208432368461075E-007   3.1400238864765442E-006  -3.4390372593323776E-005   2.7509392409055659E-004  -1.6840722162168758E-003
   6.6799999999999997        4.9894037245696139E-009  -1.5037358357195012E-007   2.4909186890266685E-006  -2.7665735614025135E-005   2.2462573826142421E-004  -1.3973054650664358E-003
   6.7199999999999998        3.8507643421702849E-009  -1.1751607551142783E-007   1.9723813310121732E-006  -2.2212813375473047E-005   1.8303559717625529E-004  -1.1567717873923321E-003
   6.7599999999999998        2.9670665238527955E-009  -9.1679000670271409E-008   1.5589362004396129E-006  -1.7800129958470945E-005   1.4883757390436424E-004  -9.5550922730950835E-004
   6.7999999999999998        2.2823904700465937E-009  -7.1398660769046412E-008   1.2299098831514563E-006  -1.4236500221386037E-005   1.2077969925070265E-004  -7.8751343672592115E-004
   6.8399999999999999        1.7528114201934358E-009  -5.5508385175212474E-008   9.6856119608574958E-007  -1.1364384383794791E-005   9.7809922809565373E-005  -6.4762233650763712E-004
   6.8799999999999999        1.3438886717413151E-009  -4.3080046904624809E-008   7.6136160377584266E-007  -9.0542670010138904E-006   7.9046506975741121E-005  -5.3141174434946572E-004
   6.9199999999999999        1.0286662720680393E-009  -3.3376707226182147E-008   5.9740146882808791E-007  -7.1999160974181147E-006   6.3752371775788671E-005  -4.3510146181472873E-004
   6.9600000000000000        7.8608420499502363E-010  -2.5814353069445170E-008   4.6790131120325921E-007  -5.7143959663310483E-006   5.1312943196095451E-005  -3.5547122440479824E-004
   7.0000000000000000        5.9971823092743619E-010  -1.9931046910829533E-008   3.6581046480049077E-007  -4.5267231835595323E-006   4.1217093522821691E-005  -2.8978586040206099E-004
   7.0400000000000000        4.5678232360798140E-010  -1.5362105654012842E-008   2.8547828267867573E-007  -3.5790697895030746E-006   3.3040798104115533E-005  -2.3572897151903578E-004
   7.0800000000000001        3.4734050032556642E-010  -1.1820172214172482E-008   2.2238540887072484E-007  -2.8244304591531241E-006   2.6433168139323071E-005  -1.9134443645897739E-004
   7.1200000000000001        2.6368528621028366E-010  -9.0792488082861508E-009   1.7292465481582297E-007  -2.2246819006970112E-006   2.1104553017794542E-005  -1.5498504320826469E-004
   7.1600000000000001        1.9984851961861048E-010  -6.9619309912438483E-009   1.3422273677264089E-007  -1.7489728097545171E-006   1.6816437951623002E-005  -1.2526757358230636E-004
   7.2000000000000002        1.5121705352385337E-010  -5.3292219422518494E-009   1.0399558735034127E-007  -1.3723915686768995E-006   1.3372892883953790E-005  -1.0103369105457899E-004
   7.2400000000000002        1.1423143428763579E-010  -4.0724222384602644E-009   8.0431185274285134E-008  -1.0748666300131616E-006   1.0613356727984573E-005  -8.1316017487164852E-005
   7.2800000000000002        8.6150089298611013E-011  -3.1066854617868497E-009   6.2094884354694177E-008  -8.4026126888521087E-007   8.4065668107853687E-006  -6.5308823750850279E-005
   7.3200000000000003        6.4865130453075745E-011  -2.3659079463700022E-009   4.7853093224101643E-008  -6.5563023493731322E-007   6.6454669407478768E-006  -5.2342801464571448E-005
   7.3600000000000003        4.8758746918556813E-011  -1.7986847184338212E-009   3.6811886162996081E-008  -5.1061087937468386E-007   5.2429488231124462E-006  -4.1863426642332386E-005
   7.4000000000000004        3.6591453657828738E-011  -1.3651156701873902E-009   2.8267733511718216E-008  -3.9692566845931447E-007   4.1283006915752531E-006  -3.3412469669884478E-005
   7.4400000000000004        2.7415292536608245E-011  -1.0342883075076139E-009   2.1668046215043660E-008  -3.0797670669254695E-007   3.2442541126071706E-006  -2.6612248778317596E-005
   7.4800000000000004        2.0506540708110301E-011  -7.8229774006859844E-010   1.6579648887008135E-008  -2.3851605849693124E-007   2.5445350806345108E-006  -2.1152265310352199E-005
   7.5199999999999996        1.5313639672866897E-011  -5.9069237619881765E-010   1.2663643103905592E-008  -1.8437834694339107E-007   1.9918388972393132E-006  -1.6777898063198394E-005
   7.5599999999999996        1.1416977380679070E-011  -4.4525623315787312E-010   9.6554091480516009E-009  -1.4226438527847408E-007   1.5561600630721605E-006  -1.3280870484665683E-005
   7.5999999999999996        8.4978830296959220E-012  -3.3505686152572513E-010   7.3487301211304935E-009  -1.0956651821804735E-007   1.2134186557055879E-006  -1.0491238281777329E-005
   7.6399999999999997        6.3147685921619598E-012  -2.5170242253611192E-010   5.5832157049141282E-009  -8.4227965312221993E-008   9.4433356622983932E-007  -8.2706759713094928E-006
   7.6799999999999997        4.6848037553516713E-012  -1.8876311796996081E-010   4.2343610439775579E-009  -6.4629812323288425E-008   7.3350066274083324E-007  -6.5068690465326661E-006
   7.7199999999999998        3.4698669568681569E-012  -1.4132150210262831E-010   3.2057053076983655E-009  -4.9500427194450542E-008   5.6864057336475192E-007  -5.1088438097542194E-006
   7.7599999999999998        2.5657945776187673E-012  -1.0562365287412701E-010   2.4226595370772595E-009  -3.7843018544915435E-008   4.3998645974881660E-007  -4.0030896330200770E-006
   7.7999999999999998        1.8941691644592816E-012  -7.8809111015568697E-011   1.8276586475175101E-009  -2.8877835939813124E-008   3.3978699911574638E-007  -3.1303486029008050E-006
   7.8399999999999999        1.3960585681914562E-012  -5.8702209200525503E-011   1.3763614883490207E-009  -2.1996157669244918E-008   2.6190391419486437E-007  -2.4429653472281050E-006
   7.8799999999999999        1.0272512668381687E-012  -4.3651150132014941E-011   1.0346786023590800E-009  -1.6723745081409325E-008   2.0148688080621932E-007  -1.9027055137659539E-006
   7.9199999999999999        7.5463696604281190E-013  -3.2404148477973931E-011   7.7645222763163606E-010  -1.2691881157318318E-008   1.5471158804520605E-007  -1.4789650612062152E-006
   7.9600000000000000        5.5346221540915212E-013  -2.4014284674276526E-011   5.8164915837957648E-010  -9.6144707400540759E-009   1.1856920202544276E-007  -1.1473044198032153E-006
   8.0000000000000000        4.0525329757101362E-013  -1.7766555998261760E-011   4.3495599372280874E-010  -7.2699739895589366E-009   9.0697558333726806E-008  -8.8825186607450282E-007
