  -2.0000000000000000        14.333333333333334     
  -1.8999999999999999        13.258166666666670     
  -1.8000000000000000        12.231999999999999     
  -1.7000000000000000        11.253833333333334     
  -1.6000000000000001        10.322666666666665     
  -1.5000000000000000        9.4375000000000000     
  -1.3999999999999999        8.5973333333333333     
  -1.3000000000000000        7.8011666666666644     
  -1.2000000000000000        7.0480000000000018     
  -1.1000000000000001        6.3368333333333320     
  -1.0000000000000000        5.6666666666666670     
 -0.89999999999999991        5.0364999999999993     
 -0.80000000000000004        4.4453333333333331     
 -0.69999999999999996        3.8921666666666668     
 -0.60000000000000009        3.3759999999999999     
 -0.50000000000000000        2.8958333333333335     
 -0.39999999999999991        2.4506666666666663     
 -0.30000000000000004        2.0395000000000003     
 -0.19999999999999996        1.6613333333333333     
 -0.10000000000000009        1.3151666666666670     
   0.0000000000000000        1.0000000000000000     
  0.10000000000000009       0.71483333333333343     
  0.20000000000000018       0.45866666666666617     
  0.29999999999999982       0.23050000000000029     
  0.39999999999999991        2.9333333333333433E-002
  0.50000000000000000      -0.14583333333333334     
  0.60000000000000009      -0.29600000000000010     
  0.70000000000000018      -0.42216666666666686     
  0.79999999999999982      -0.52533333333333321     
  0.89999999999999991      -0.60649999999999993     
   1.0000000000000000      -0.66666666666666663     
   1.1000000000000001      -0.70683333333333342     
   1.2000000000000002      -0.72800000000000009     
   1.2999999999999998      -0.73116666666666674     
   1.3999999999999999      -0.71733333333333338     
   1.5000000000000000      -0.68750000000000000     
   1.6000000000000001      -0.64266666666666661     
   1.7000000000000002      -0.58383333333333320     
   1.7999999999999998      -0.51200000000000012     
   1.8999999999999999      -0.42816666666666681     
   2.0000000000000000      -0.33333333333333331     
   2.0999999999999996      -0.22850000000000051     
   2.2000000000000002      -0.11466666666666647     
   2.2999999999999998        7.1666666666663952E-003
   2.4000000000000004       0.13600000000000043     
   2.5000000000000000       0.27083333333333331     
   2.5999999999999996       0.41066666666666607     
   2.7000000000000002       0.55450000000000021     
   2.7999999999999998       0.70133333333333303     
   2.9000000000000004       0.85016666666666729     
   3.0000000000000000        1.0000000000000000     
   3.0999999999999996        1.1498333333333328     
   3.2000000000000002        1.2986666666666669     
   3.2999999999999998        1.4454999999999998     
   3.4000000000000004        1.5893333333333339     
   3.5000000000000000        1.7291666666666667     
   3.5999999999999996        1.8639999999999997     
   3.7000000000000002        1.9928333333333335     
   3.7999999999999998        2.1146666666666665     
   3.9000000000000004        2.2285000000000004     
   4.0000000000000000        2.3333333333333335     
   4.0999999999999996        2.4281666666666664     
   4.2000000000000002        2.5120000000000000     
   4.2999999999999998        2.5838333333333332     
   4.4000000000000004        2.6426666666666669     
   4.5000000000000000        2.6875000000000000     
   4.5999999999999996        2.7173333333333329     
   4.7000000000000002        2.7311666666666667     
   4.7999999999999998        2.7279999999999998     
   4.9000000000000004        2.7068333333333334     
   5.0000000000000000        2.6666666666666665     
   5.0999999999999996        2.6065000000000000     
   5.2000000000000002        2.5253333333333332     
   5.2999999999999998        2.4221666666666670     
   5.4000000000000004        2.2959999999999994     
   5.5000000000000000        2.1458333333333335     
   5.5999999999999996        1.9706666666666675     
   5.7000000000000002        1.7694999999999996     
   5.7999999999999998        1.5413333333333334     
   5.9000000000000004        1.2851666666666659     
   6.0000000000000000        1.0000000000000000     
   6.0999999999999996       0.68483333333333485     
   6.1999999999999993       0.33866666666666961     
   6.3000000000000007       -3.9500000000002679E-002
   6.4000000000000004      -0.45066666666666794     
   6.5000000000000000      -0.89583333333333337     
   6.5999999999999996       -1.3759999999999983     
   6.6999999999999993       -1.8921666666666621     
   6.8000000000000007       -2.4453333333333376     
   6.9000000000000004       -3.0365000000000024     
   7.0000000000000000       -3.6666666666666665     
   7.0999999999999996       -4.3368333333333311     
   7.1999999999999993       -5.0479999999999947     
   7.3000000000000007       -5.8011666666666715     
   7.4000000000000004       -6.5973333333333350     
   7.5000000000000000       -7.4375000000000000     
   7.5999999999999996       -8.3226666666666649     
   7.6999999999999993       -9.2538333333333256     
   7.8000000000000007       -10.232000000000006     
   7.9000000000000004       -11.258166666666668     
   8.0000000000000000       -12.333333333333334     
