   0.0000000000000000        0.0000000000000000        0.0000000000000000        0.0000000000000000        0.0000000000000000        0.0000000000000000        0.0000000000000000     
   4.0000000000000001E-002   1.9609632062493327E-003   3.0985707145225611E-003   4.0963999099673841E-003   5.0138326968799793E-003   5.8754751944415451E-003   6.6947818805062741E-003
   8.0000000000000002E-002   7.8250501504520745E-003   1.2340817064196900E-002   1.6283542878451407E-002   1.9892056110499740E-002   2.3265658415501204E-002   2.6458823151675647E-002
  0.12000000000000000        1.7536078050452257E-002   2.7567266563103279E-002   3.6257662071761149E-002   4.4149755939646325E-002   5.1470493097062808E-002   5.8345107962305957E-002
  0.16000000000000000        3.1001156384928022E-002   4.8515196704631829E-002   6.3520431151127085E-002   7.6994956464030762E-002   8.9351800283005822E-002  0.10082100122593524     
  0.20000000000000001        4.8091796381056949E-002   7.4823169759925992E-002   9.7390684220807294E-002  0.11735241917123074       0.13537504469545381       0.15183476369086593     
  0.23999999999999999        6.8645441141356511E-002  0.10603725761052994       0.13702041427555414       0.16389593121269122       0.18766563685675339       0.20890462315980293     
  0.28000000000000003        9.2467393752240015E-002  0.14161883602498182       0.18141465397085121       0.21508809421310701       0.24407770050857058       0.26922656689239233     
  0.32000000000000001       0.11933311494354855       0.18095379794917665       0.22945474790859288       0.26922639703998247       0.30227278075746367       0.32979622050764934     
  0.35999999999999999       0.14899085659997235       0.22336300884203164       0.27992444416383505       0.32449416839483508       0.35980561030164704       0.38753958224808582     
  0.40000000000000002       0.18116459275213903       0.26811380441364085       0.33153816658809593       0.37901486237546600       0.41421380195228202       0.43944701373923611     
  0.44000000000000000       0.21555720567518044       0.31443231277974770       0.38297078017870329       0.43090803680115169       0.46310820433895838       0.48270476450815825     
  0.47999999999999998       0.25185388145990339       0.36151636939493853       0.43288813067774939       0.47834534273309992       0.50426064843195995       0.51481843167917662     
  0.52000000000000002       0.28972566694536145       0.40854878441444792       0.47997762721282305       0.51960485515033650       0.53568592480274457       0.53372312153100221     
  0.56000000000000005       0.32883313824486304       0.45471071848908207       0.52297814333446935       0.55312213827782586       0.55571506015052230       0.53787566838061096     
  0.59999999999999998       0.36883013027710848       0.49919492442734159       0.56070853682998734       0.57753655201256016       0.56305729686479489       0.52632505116733763     
  0.64000000000000001       0.40936747673065393       0.54121861855242270       0.59209413127497179       0.59173146405017085       0.55684860756769794       0.49875809329771453     
  0.68000000000000005       0.45009671072748642       0.58003575671435081       0.61619056102044312       0.59486723003304909       0.53668508055228714       0.45551859418059593     
  0.71999999999999997       0.49067367807889289       0.61494850545752644       0.63220445437325745       0.58640603444740491       0.50264007196250426       0.39759917408782547     
  0.76000000000000001       0.53076201739812268       0.64531771836368224       0.63951051491188649       0.56612794024516089       0.45526461472163110       0.32660626761881612     
  0.80000000000000004       0.57003646439043332       0.67057225057824354       0.63766465569341435       0.53413776672322688       0.39557117988402613       0.24469982495538997     
  0.83999999999999997       0.60818594131102699       0.69021697040379282       0.62641294283819493       0.49086269414013672       0.32500148044873800       0.15451032608008441     
  0.88000000000000000       0.64491639678420309       0.70383935497401251       0.60569621077986979       0.43704077089822252       0.24537956873416727        5.9036637128948730E-002
  0.92000000000000004       0.67995336582378041       0.71111458673514150       0.57565031844669523       0.37370076611369907       0.15885198583297458       -3.8470997983755070E-002
  0.95999999999999996       0.71304422489051256       0.71180909807095061       0.53660212093938464       0.30213405880959859        6.7817157534784289E-002 -0.13463796401716760     
   1.0000000000000000       0.74396012206801765       0.70578254222154979       0.48906133215478131       0.22385947736406825       -2.5153419412749518E-002 -0.22609705079782932     
   1.0400000000000000       0.77249756783417001       0.69298819899176356       0.43370854773327916       0.14058219282201867      -0.11739940498045527      -0.30961963392210057     
   1.0800000000000001       0.79847967734992820       0.67347185297901069       0.37137978240456587        5.4147922040999309E-002 -0.20625831482198839      -0.38224098259894185     
   1.1200000000000001       0.82175706058466813       0.64736920957773236       0.30304794931637064       -3.3506192439164598E-002 -0.28915170904192006      -0.44137472403965489     
   1.1599999999999999       0.84220836185315617       0.61490193930125359       0.22980176966806767      -0.12040259182107868      -0.36366795755051989      -0.48491200135434215     
   1.2000000000000000       0.85974045536742383       0.57637246353689553       0.15282264775086130      -0.20457474341597875      -0.42763883916089579      -0.51130154501692171     
   1.2400000000000000       0.87428830812783553       0.53215761433006281        7.3360078556947914E-002 -0.28411758137285775      -0.47920749536444435      -0.51960770420614255     
   1.2800000000000000       0.88581452582146902       0.48270131687749340       -7.2938278709720073E-003 -0.35723557513040105      -0.51688560494958524      -0.50954441594063438     
   1.3200000000000001       0.89430860130257006       0.42850645588834918       -8.7830119130342096E-002 -0.42228715778108844      -0.53959805764446012      -0.48148408554955402     
   1.3600000000000001       0.89978588865028042       0.37012609572492833      -0.16694849638747244      -0.47782438384601256      -0.54671386704848790      -0.43644136863950433     
   1.3999999999999999       0.90228632869544667       0.30815422923336722      -0.24338198575535139      -0.52262685238592588      -0.53806255720283092      -0.37603283957605377     
   1.4399999999999999       0.90187295425520775       0.24321623147661509      -0.31592027573614478      -0.55572912081949910      -0.51393576455486645      -0.30241446395156696     
   1.4800000000000000       0.89863020509699432       0.17595919232672036      -0.38343126064988559      -0.57644104067772817      -0.47507429923602351      -0.21819962573209581     
   1.5200000000000000       0.89266208386970847       0.10704229627494814      -0.44488038845685141      -0.58436066191975256      -0.42264138875770929      -0.12636116222523242     
   1.5600000000000001       0.88409018489721269        3.7127409156126411E-002 -0.49934747715403133      -0.57937957046559729      -0.35818326716426474       -3.0121406626059690E-002
   1.6000000000000001       0.87305162784600865       -3.3129979906933130E-002 -0.54604073498263750      -0.56168073755975911      -0.28357865911920827        6.7165389045240095E-002
   1.6399999999999999       0.85969692788255470      -0.10308932677205386      -0.58430779397224297      -0.53172916317068331      -0.20097902958127367       0.16213368818601745     
   1.6799999999999999       0.84418783306158307      -0.17213299186673078      -0.61364364182839504      -0.49025578315820417      -0.11274171671825842       0.25152579433450589     
   1.7200000000000000       0.82669515837762630      -0.23967348937988303      -0.63369541187409084      -0.43823527646469468       -2.1358232624777564E-002  0.33230507488140931     
   1.7600000000000000       0.80739664421594959      -0.30515994256985018      -0.64426406283196269      -0.37685855004985575        7.0619899492490493E-002  0.40175923387966606     
   1.8000000000000000       0.78647486490891261      -0.36808368054663909      -0.64530304800056248      -0.30750079261006658       0.16065540136586201       0.45759007259883494     
   1.8400000000000001       0.76411521079509170      -0.42798293091322132      -0.63691413535678310      -0.23168607124165339       0.24629729618473362       0.49798678718465550     
   1.8799999999999999       0.74050396464873336      -0.48444658145032349      -0.61934059506389916      -0.15104949710273152       0.32524862350187106       0.52168055688976034     
   1.9199999999999999       0.71582649065416570      -0.53711700222230485      -0.59295801779382229       -6.7298006797393645E-002  0.39542788596642575       0.52797894240639731     
   1.9600000000000000       0.69026555130077172      -0.58569193672626840      -0.55826306546452165        1.7829203391061133E-002  0.45502257141109442       0.51677940921361953     
   2.0000000000000000       0.66399976472432876      -0.62992548670344140      -0.51586048500338555       0.10259959131511119       0.50253340678080016       0.48856208311579508     
   2.0400000000000000       0.63720221217235873      -0.66962822972933722      -0.46644873539724013       0.18532459556404354       0.53680834357942253       0.44436260341377770     
   2.0800000000000001       0.61003920247334120      -0.70466652149576581      -0.41080458865898356       0.26439452599293739       0.55706563485859284       0.38572663529272050     
   2.1200000000000001       0.58266919768650371      -0.73496104564334008      -0.34976706674648700       0.33831027453446921       0.56290572827876173       0.31464821270083021     
   2.1600000000000001       0.55524190153972997      -0.76048468299928762      -0.28422106944245940       0.40571122256423015       0.55431205597889555       0.23349458650804200     
   2.2000000000000002       0.52789750986177986      -0.78125977907379029      -0.21508103346007568       0.46539885140319226       0.53164113840113969       0.14492063553349421     
   2.2400000000000002       0.50076612000967979      -0.79735489366815515      -0.14327494144668390       0.51635569889481270       0.49560272565817776        5.1776151086900875E-002
   2.2799999999999998       0.47396729430517909      -0.80888111949347008       -6.9728972103348483E-002  0.55775944312304215       0.44723096794450345       -4.2990574461603960E-002
   2.3199999999999998       0.44760977074211844      -0.81598805787242878        4.6469496092730773E-003  0.58899203019413260       0.38784782914361376      -0.13642943590719331     
   2.3599999999999999       0.42179131272028819      -0.81885953901799824        7.8972479131209736E-002  0.60964389287410548       0.31902013039106869      -0.22568219658388397     
   2.3999999999999999       0.39659868830626854      -0.81770917219811301       0.15240887125021257       0.61951342746497373       0.24251173014180991      -0.30807012746815793     
   2.4399999999999999       0.37210776851820637      -0.81277580747672251       0.22416954665682445       0.61860200482513250       0.16023241345765910      -0.38117291429208378     
   2.4800000000000000       0.34838373337508988      -0.80431898585699324       0.29352910169657687       0.60710488565232990        7.4185076851401549E-002 -0.44289656796226673     
   2.5200000000000000       0.32548137393335053      -0.79261444874277309       0.35983069655000288       0.58539848839154751       -1.3587241115394534E-002 -0.49152855775984172     
   2.5600000000000001       0.30344547824231571      -0.77794977088606176       0.42249179518669244       0.55402451933499841      -0.10105301489605768      -0.52577890889775236     
   2.6000000000000001       0.28231128906990738      -0.76062017360851819       0.48100826623936238       0.51367151815605494      -0.18624122565250104      -0.54480654462481248     
   2.6400000000000001       0.26210502136323838      -0.74092456727708866       0.53495688676065556       0.46515439832205113      -0.26728650154507849      -0.54823068747055759     
   2.6800000000000002       0.24284442769568923      -0.71916186397227977       0.58399632012212832       0.40939257112703925      -0.34246939386177050      -0.53612764516108646     
   2.7200000000000002       0.22453940039161596      -0.69562759319479073       0.62786666468828323       0.34738723548783068      -0.41025097825084839      -0.50901377706577589     
   2.7599999999999998       0.20719259959015743      -0.67061084547909733       0.66638769107823648       0.28019839454989415      -0.46930118146961375      -0.46781585226855249     
   2.7999999999999998       0.19080009718854216      -0.64439156107029749       0.69945590267194002       0.20892212625695611      -0.51852044890964288      -0.41383035903724485     
   2.8399999999999999       0.17535202737084116      -0.61723817350256871       0.72704056650613014       0.13466859028344058      -0.55705457970857752      -0.34867359939605447     
   2.8799999999999999       0.16083323525887383      -0.58940561110272427       0.74917886992739957        5.8541200198900113E-002 -0.58430275814992227      -0.27422459684244432     
   2.9199999999999999       0.14722391609752827      -0.56113365321810649       0.76597036251418482       -1.8382670408118394E-002 -0.59991899673063664      -0.19256295843462073     
   2.9600000000000000       0.13450023828790200      -0.53264563240071960       0.77757084311848401       -9.5069143704691203E-002 -0.60380737311706034      -0.10590386605969870     
   3.0000000000000000       0.12263494449074770      -0.50414746891480489       0.78418584875320152      -0.17054321806624800      -0.59611158659998276       -1.6532330039098268E-002
   3.0400000000000000       0.11159792592375405      -0.47582701979909037       0.78606389585709924      -0.24390190325657776      -0.57719947703699126        7.3261271868917385E-002
   3.0800000000000001       0.10135676585506900      -0.44785372131563517       0.78348961563926667      -0.31432500618050480      -0.54764323912056045       0.16124251677203269     
   3.1200000000000001        9.1877249139972236E-002 -0.42037850094594403       0.77677691419454342      -0.38108352576287946      -0.50819612662939895       0.24528948611188189     
   3.1600000000000001        8.3123835447462116E-002 -0.39353393312868745       0.76626227535476943      -0.44354567374815940      -0.45976647554282601       0.32344316545330060     
   3.2000000000000002        7.5060094570415611E-002 -0.36743461163627411       0.75229831025813554      -0.50118059086214295      -0.40338988279937193       0.39395060144789573     
   3.2400000000000002        6.7649102900470492E-002 -0.34217771081366399       0.73524764282437383      -0.55355987396825568      -0.34020036106070078       0.45530002118302887     
   3.2799999999999998        6.0853800772225471E-002 -0.31784370779799742       0.71547720513540003      -0.60035706898478458      -0.27140125169078672       0.50624742084290975     
   3.3199999999999998        5.4637310937804044E-002 -0.29449723824159540       0.69335300152367652      -0.64134531606042566      -0.19823662131914038       0.54583442519738801     
   3.3599999999999999        4.8963218920878460E-002 -0.27218805890943670       0.66923538530812832      -0.67639335772634768      -0.12196379517491431       0.57339749754831482     
   3.3999999999999999        4.3795816418882950E-002 -0.25095209174892752       0.64347487788913016      -0.70546013756447068       -4.3827596373371948E-002  0.58856883343606969     
   3.4399999999999999        3.9100309274596477E-002 -0.23081252556800572       0.61640854657157407      -0.72858822665675660        3.4963231938036139E-002  0.59126949422313746     
   3.4800000000000000        3.4842991825807357E-002 -0.21178095324172722       0.58835694523095272      -0.74589631817549773       0.11325704173890128       0.58169552385501699     
   3.5200000000000000        3.0991389667568814E-002 -0.19385852433451509       0.55962161092594398      -0.75757102753882344       0.18997745135203853       0.56029794054543824     
   3.5600000000000001        2.7514373029491633E-002 -0.17703709511575996       0.53048309989916553      -0.76385822728913033       0.26413848856253830       0.52775760336118216     
   3.6000000000000001        2.4382243085041732E-002 -0.16130036010560614       0.50119953815823470      -0.76505413302491199       0.33485661442533632       0.48495602173347707     
   3.6400000000000001        2.1566793575749379E-002 -0.14662495146585658       0.47200565501378827      -0.76149634013883061       0.40135962306598688       0.43294320521566937     
   3.6800000000000002        1.9041350155687593E-002 -0.13298149470402232       0.44311226255483965      -0.75355499160947459       0.46299249103859336       0.37290364394900549     
   3.7200000000000002        1.6780789845750117E-002 -0.12033561124858479       0.41470614001801015      -0.74162423547127720       0.51922031840660643       0.30612147087824187     
   3.7599999999999998        1.4761542938376298E-002 -0.10864886044857988       0.38695027928209469      -0.72611410762255735       0.56962856169719212       0.23394578911877506     
   3.7999999999999998        1.2961579616555145E-002  -9.7879615424679670E-002  0.35998444619767250      -0.70744295204920671       0.61392080571055074       0.15775705688268837     
   3.8399999999999999        1.1360383451138021E-002  -8.7983868931894124E-002  0.33392601203091898      -0.68603046699814141       0.65191435669689091        7.8935313185804268E-002
   3.8799999999999999        9.9389138223871538E-003  -7.8915966971182014E-002  0.30887100983742316      -0.66229144270958951       0.68353396385412313       -1.1690945707558140E-003
   3.9199999999999999        8.6795591796706810E-003  -7.0629269299121930E-002  0.28489537195455095      -0.63663023450545586       0.70880398996437988       -8.1261749983411471E-002
   3.9600000000000000        7.5660829113121603E-003  -6.3076737226447063E-002  0.26205630687547338      -0.60943599473879118       0.72783935604888628      -0.16012697570587270     
   4.0000000000000000        6.5835634484655188E-003  -5.6211450166935746E-002  0.24039377641096141      -0.58107866865427327       0.74083558015260376      -0.23664694326643582     
   4.0400000000000000        5.7183300757682465E-003  -4.9987053300708587E-002  0.21993203712690726      -0.55190574282216276       0.74805821789500826      -0.30981694366441498     
   4.0800000000000001        4.9578957702752814E-003  -4.4358139456285278E-002  0.20068121344340853      -0.52223972063643442       0.74983199345993179      -0.37875679496169840     
   4.1200000000000001        4.2908882412410190E-003  -3.9280568902170333E-002  0.18263887338111914      -0.49237628748354684       0.74652988551095834      -0.44271846886307265     
   4.1600000000000001        3.7069801987542816E-003  -3.4711731181602840E-002  0.16579158163887653      -0.46258311859481954       0.73856240437683740      -0.50109011063682729     
   4.2000000000000002        3.1968197407235607E-003  -3.0610753435217072E-002  0.15011640839142287      -0.43309927523611835       0.72636726598390411      -0.55339670432120869     
   4.2400000000000002        2.7519616165888458E-003  -2.6938659848514103E-002  0.13558237582772062      -0.40413512965644494       0.71039963557923402      -0.59929769727695048     
   4.2800000000000002        2.3648000034084227E-003  -2.3658486947616100E-002  0.12215182794188026      -0.37587275596418079       0.69112308135174083      -0.63858194464439566     
   4.3200000000000003        2.0285033163432455E-003  -2.0735359461332294E-002  0.10978171238546039      -0.34846672264674478       0.66900134556373925      -0.67116036552365899     
   4.3600000000000003        1.7369514714835512E-003  -1.8136531383571131E-002   9.8424766249382317E-002 -0.32204522259468948       0.64449100956658201      -0.69705671953564285     
   4.4000000000000004        1.4846759246418780E-003  -1.5831396720634095E-002   8.8030600434764100E-002 -0.29671147801929937       0.61803509976580850      -0.71639691601802902     
   4.4400000000000004        1.2668027251830814E-003  -1.3791474205367783E-002   7.8546679774041117E-002 -0.27254536034216154       0.59005765475740435      -0.72939725991649662     
   4.4800000000000004        1.0789987490118359E-003  -1.1990370016166195E-002   6.9919198265691845E-002 -0.24960516876527936       0.56095924987205914      -0.73635202009383771     
   4.5199999999999996        9.1742120918733355E-004  -1.0403722264120651E-002   6.2093850685026826E-002 -0.22792951558716493       0.53111345450122005      -0.73762067905898299     
   4.5599999999999996        7.7867048586501399E-004  -9.0091307159041456E-003   5.5016503434347351E-002 -0.20753927121153634       0.50086417997734944      -0.73361518981666141     
   4.5999999999999996        6.5974626886993641E-004  -7.7860749118769711E-003   4.8633768808899053E-002 -0.18843952701366104       0.47052386147120540      -0.72478752743600461     
   4.6399999999999997        5.5800696561484123E-004  -6.7158235259447644E-003   4.2893487895872509E-002 -0.17062153961607085       0.44037240628528257      -0.71161778173404366     
   4.6799999999999997        4.7113229367430918E-004  -5.7813375023492951E-003   3.7745128111479662E-002 -0.15406462553149888       0.41065683291841276      -0.69460299474536791     
   4.7199999999999998        3.9708895047514664E-004  -4.9671692002273161E-003   3.3140101937792120E-002 -0.13873798042860397       0.38159152014015457      -0.67424690382116925     
   4.7599999999999998        3.3409923161489602E-004  -4.2593594838486347E-003   2.9032013770340013E-002 -0.12460240235905132       0.35335898278380240      -0.65105070950514154     
   4.7999999999999998        2.8061245363184445E-004  -3.6453344184148493E-003   2.5376841954111270E-002 -0.11161190306741374       0.32611109074721756      -0.62550494780726718     
   4.8399999999999999        2.3527902599437269E-004  -3.1138029707901711E-003   2.2133063094474933E-002  -9.9715195922993133E-002  0.29997064946365409      -0.59808250997163093     
   4.8799999999999999        1.9692701005297905E-004  -2.6546568733940472E-003   1.9261725605151065E-002  -8.8857053018631588E-002  0.27503326354376567      -0.56923281993994823     
   4.9199999999999999        1.6454099913523393E-004  -2.2588735888795218E-003   1.6726479221214102E-002  -7.8979527546684622E-002  0.25136941007032859      -0.53937715088223548     
   4.9600000000000000        1.3724315332987972E-004  -1.9184231137212402E-003   1.4493566883448354E-002  -7.0023040672624423E-002  0.22902665383521265      -0.50890503765220862     
   5.0000000000000000        1.1427622430984692E-004  -1.6261791805053879E-003   1.2531785011724146E-002  -6.1927334781574132E-002  0.20803194334850009      -0.47817172191601454     
   5.0400000000000000        9.4988409336639446E-005  -1.3758352611883871E-003   1.0812417748111898E-002  -5.4632297182987094E-002  0.18839393345126601      -0.44749655094401386     
   5.0800000000000001        7.8819878965812154E-005  -1.1618256361656685E-003   9.3091502818813242E-003  -4.8078660143393140E-002  0.17010528758359184      -0.41716223947116576     
   5.1200000000000001        6.5290829574269772E-005  -9.7925167568847847E-004   7.9979658829563427E-003  -4.2208584503516111E-002  0.15314491998593738      -0.38741489634892728     
   5.1600000000000001        5.3990919336834256E-005  -8.2381337980509401E-004   6.8570307803722686E-003  -3.6966135156362066E-002  0.13748014516536711      -0.35846471358278803     
   5.2000000000000002        4.4569954414900776E-005  -6.9174613925801032E-004   5.8665705383510033E-003  -3.2297657352922463E-002  0.12306870869084870      -0.33048721437392731     
   5.2400000000000002        3.6729700645920649E-005  -5.7976261122612445E-004   5.0087411134056977E-003  -2.8152063199912324E-002  0.10986067967794409      -0.30362495852807692     
   5.2800000000000002        3.0216704737012721E-005  -4.8499954900036948E-004   4.2674973282467044E-003  -2.4481037858209403E-002   9.7800191096375527E-002 -0.27798960761226310     
   5.3200000000000003        2.4816017700780394E-005  -4.0496938215635482E-004   3.6284610773870641E-003  -2.1239174879791885E-002   8.6827019225306515E-002 -0.25366425808537946     
   5.3600000000000003        2.0345721888391145E-005  -3.3751631209723006E-004   3.0787911889608270E-003  -1.8384049872127668E-002   7.6877998156494404E-002 -0.23070595787129231     
   5.4000000000000004        1.6652171363541672E-005  -2.8077666559386350E-004   2.6070565097900730E-003  -1.5876241287284629E-002   6.7888269192133893E-002 -0.20914833007927822     
   5.4400000000000004        1.3605863434822695E-005  -2.3314323482782602E-004   2.2031134574536028E-003  -1.3679306631083927E-002   5.9792368308019532E-002 -0.18900423643605918     
   5.4800000000000004        1.1097866858358162E-005  -1.9323332521096543E-004   1.8579889943500319E-003  -1.1759721805037817E-002   5.2525157574659018E-002 -0.17026842214674665     
   5.5199999999999996        9.0367394911373595E-006  -1.5986023077394778E-004   1.5637697240411322E-003  -1.0086790657031096E-002   4.6022608582291590E-002 -0.15292009306238402     
   5.5599999999999996        7.3458749878296064E-006  -1.3200786014665240E-004   1.3134975883984643E-003  -8.6325311488566325E-003   4.0222447542728357E-002 -0.13692538495865283     
   5.5999999999999996        5.9612244731457862E-006  -1.0880824316092905E-004   1.1010724536468332E-003  -7.3715438696191835E-003   3.5064672890273242E-002 -0.12223969322794599     
   5.6399999999999997        4.8293449822534115E-006  -8.9521658059790862E-005   9.2116171232045619E-004  -6.2808679502761233E-003   3.0491956928457863E-002 -0.10880983920336371     
   5.6799999999999997        3.9057318467568547E-006  -7.3519131466606670E-005   7.6911689418266696E-004  -5.3398287797231580E-003   2.6449943423567913E-002  -9.6576056557263590E-002
   5.7199999999999998        3.1533971240057775E-006  -6.0267077020037697E-005   6.4089716990842075E-004  -4.5298812975298666E-003   2.2887453084614057E-002  -8.5473787675217919E-002
   5.7599999999999998        2.5416606393604530E-006  -4.9313853373579165E-005   5.3299954431807047E-004  -3.8344520507565022E-003   1.9756608645747058E-002  -7.5435285558491202E-002
   5.7999999999999998        2.0451242551480852E-006  -4.0278037635645437E-005   4.4239546870320781E-004  -3.2387826579757467E-003   1.7012890831718270E-002  -6.6391021643259704E-002
   5.8399999999999999        1.6428036200580171E-006  -3.2838225907930566E-005   3.6647355187582160E-004  -2.7297768263682145E-003   1.4615135886877720E-002  -5.8270903955888721E-002
   5.8799999999999999        1.3173949143246585E-006  -2.6724188057392104E-005   3.0298801467363939E-004  -2.2958526194871891E-003   1.2525484626244393E-002  -5.1005313283629221E-002
   5.9199999999999999        1.0546570160492128E-006  -2.1709218984468557E-005   2.5001251057134061E-004  -1.9268012744399639E-003   1.0709292161632609E-002  -4.4525967577409682E-002
   5.9600000000000000        8.4289209965417746E-007  -1.7603543236275049E-005   2.0589892373932059E-004  -1.6136535170408410E-003   9.1350066001525242E-003  -3.8766626677633781E-002
   6.0000000000000000        6.7250996583119360E-007  -1.4248643715963508E-005   1.6924075349020014E-004  -1.3485540202177243E-003   7.7740241352841979E-003  -3.3663650732282321E-002
   6.0400000000000000        5.3566341990118872E-007  -1.1512398357040545E-005   1.3884069886925914E-004  -1.1246443921219321E-003   6.6005270761163529E-003  -2.9156426430672511E-002
   6.0800000000000001        4.2594378775930684E-007  -9.2849208982146619E-006   1.1368206767192804E-004  -9.3595486298384553E-004   5.5913105077447216E-003  -2.5187675478949529E-002
   6.1200000000000001        3.3812720980207568E-007  -7.4750132736139021E-006   9.2903649082631110E-005  -7.7730466039822128E-004   4.7256024605857351E-003  -2.1703659666851321E-002
   6.1600000000000001        2.6796370629848559E-007  -6.0071476123749755E-006   7.5777707271623500E-005  -6.4421091782702845E-004   3.9848817000459162E-003  -1.8654296488789381E-002
   6.2000000000000002        2.1200218391228894E-007  -4.8189054274266124E-006   6.1690773671444361E-005  -5.3280584700852378E-004   3.3526965387879284E-003  -1.5993198650825546E-002
   6.2400000000000002        1.6744557226398879E-007  -3.8588102877730513E-006   5.0126937446972785E-005  -4.3976181801738473E-004   2.8144874269978716E-003  -1.3677649978364946E-002
   6.2800000000000002        1.3203115968518853E-007  -3.0844981453372350E-006   4.0653356178216145E-005  -3.6222392739813426E-004   2.3574154943096794E-003  -1.1668529290936770E-002
   6.3200000000000003        1.0393195522304276E-007  -2.4611765685597968E-006   3.2907731425596747E-005  -2.9774959173097367E-004   1.9701987010021372E-003  -9.9301927774714267E-003
   6.3600000000000003        8.1675554510351836E-008  -1.9603304684390101E-006   2.6587516189941998E-005  -2.4425467804173670E-004   1.6429568046569831E-003  -8.4303243286055554E-003
   6.4000000000000004        6.4077543858177621E-008  -1.5586375401673553E-006   2.1440642960107120E-005  -1.9996567074281332E-004   1.3670659592101742E-003  -7.1397621958966609E-003
   6.4400000000000004        5.0186951981362002E-008  -1.2370616384373171E-006   1.7257581793661642E-005  -1.6337737466497247E-004   1.1350234327777643E-003  -6.0323092793493670E-003
   6.4800000000000004        3.9241662948784924E-008  -9.8009671069186400E-007   1.3864557508512312E-005  -1.3321566286336793E-004   9.4032265459925441E-004  -5.0845333164977391E-003
   6.5199999999999996        3.0632046857562878E-008  -7.7513778314113967E-007   1.1117773447021611E-005  -1.0840479418326008E-004   7.7733857524732582E-004  -4.2755622753226875E-003
   6.5599999999999996        2.3871354841195143E-008  -6.1195888063766466E-007   8.8985063329327452E-006  -8.8038847248930911E-005   6.4122314297485365E-004  -3.5868793516393559E-003
   6.5999999999999996        1.8571669790862873E-008  -4.8228071254959081E-007   7.1089524420846094E-006  -7.1356843045531103E-005   5.2781055770124031E-004  -3.0021211472651883E-003
   6.6399999999999997        1.4424410124368654E-008  -3.7941351884736137E-007   5.6687196518012600E-006  -5.7721156289323143E-005   4.3353185773628366E-004  -2.5068818627171094E-003
   6.6799999999999997        1.1184556771223323E-008  -2.9796268687873020E-007   4.5118729493179778E-006  -4.6598845237888229E-005   3.5533831813636346E-004  -2.0885256788704459E-003
   6.7199999999999998        8.6579181999509507E-009  -2.3358665963641031E-007   3.5844527155091585E-006  -3.7545559587855227E-005   2.9063308908175607E-004  -1.7360089250070168E-003
   6.7599999999999998        6.6908690737935267E-009  -1.8279829727963449E-007   2.8423956203509908E-006  -3.0191715930610822E-005   2.3721047367598411E-004  -1.4397131331482813E-003
   6.7999999999999998        5.1620986728705350E-009  -1.4280225850840354E-007   2.2497973451213172E-006  -2.4230659329424858E-005   1.9320223328054921E-004  -1.1912896562327976E-003
   6.8399999999999999        3.9759887338788819E-009  -1.1136216714359678E-007   1.7774646638651344E-006  -1.9408557523183278E-005   1.5703031147581401E-004  -9.8351617524419050E-004
   6.8799999999999999        3.0573095460055522E-009  -8.6692348895215422E-008   1.4017117569474772E-006  -1.5515800747239823E-005   1.2736538193463406E-004  -8.1016513184019193E-004
   6.9199999999999999        2.3469803190328326E-009  -6.7369787854795722E-008   1.1033620771004414E-006  -1.2379704983369138E-005   1.0309064824554545E-004  -6.6588389201271004E-004
   6.9600000000000000        1.7986869755359717E-009  -5.2262683062994162E-008   8.6692272651194870E-007  -9.8583394822693726E-006   8.3270352730980215E-005  -5.4608626633638284E-004
   7.0000000000000000        1.3761892826286831E-009  -4.0472601408964444E-008   6.7990321269567446E-007  -7.8353205835747000E-006   6.7122484623463781E-005  -4.4685487702620600E-004
   7.0400000000000000        1.0511810402879800E-009  -3.1287740648923718E-008   5.3225470775583216E-007  -6.2154331828876932E-006   5.3995213959711175E-005  -3.6485376514278995E-004
   7.0800000000000001        8.0159307104180394E-010  -2.4145249937750625E-008   4.1590961222521748E-007  -4.9209586971800881E-006   4.3346614890775708E-005  -2.9725056702284154E-004
   7.1200000000000001        6.1025000765666017E-010  -1.8600917521861216E-008   3.2440438781955769E-007  -3.8886041245194672E-006   3.4727279708577312E-005  -2.4164755196846960E-004
   7.1600000000000001        4.6380918708579269E-010  -1.4304837034801438E-008   2.5257133477536630E-007  -3.0669408695916078E-006   2.7765461907950232E-005  -1.9602079847816248E-004
   7.2000000000000002        3.5192402809079097E-010  -1.0981914564121522E-008   1.9628730506439521E-007  -2.4142745165324710E-006   2.2154422391723850E-005  -1.5866678942923722E-004
   7.2400000000000002        2.6658567757238496E-010  -8.4162863915490061E-009   1.5226931350068204E-007  -1.8968777883579838E-006   1.7641687008736462E-005  -1.2815572372486673E-004
   7.2800000000000002        2.0160593906059383E-010  -6.4388889573443737E-009   1.1790868020196564E-007  -1.4875286557687455E-006   1.4019955660439310E-005  -1.0329086960249243E-004
   7.3200000000000003        1.5221194535165533E-010  -4.9175640552812121E-009   9.1136750744994657E-008  -1.1643040662743457E-006   1.1119433010595050E-005  -8.3073320152081301E-005
   7.3600000000000003        1.1472903565739581E-010  -3.7491985321034311E-009   7.0316430761623747E-008  -9.0958717443065813E-007   8.8013782725058219E-006  -6.6671552153141499E-005
   7.4000000000000004        8.6333117358759370E-011  -2.8534930819000445E-009   5.4154771483214509E-008  -7.0925237834946480E-007   6.9526965958701154E-006  -5.3395233066638186E-005
   7.4400000000000004        6.4857656506736104E-011  -2.1680326665318196E-009   4.1632679757527829E-008  -5.5199801360207405E-007   5.4814172588461625E-006  -4.2672766246972801E-005
   7.4800000000000004        4.8643532233084688E-011  -1.6443946640237970E-009   3.1948524674540058E-008  -4.2880132345100350E-007   4.3129242649078141E-006  -3.4032109840913121E-005
   7.5199999999999996        3.6422457434853719E-011  -1.2450825669950781E-009   2.4472994272968740E-008  -3.3247440678203736E-007   3.3868231573499957E-006  -2.7084449380146271E-005
   7.5599999999999996        2.7226633073517923E-011  -9.4111502736770257E-010   1.8713038111779804E-008  -2.5730332715665843E-007   2.6543440290357550E-006  -2.1510346971670507E-005
   7.5999999999999996        2.0318865014336699E-011  -7.1013402449452218E-010   1.4283130481721333E-008  -1.9875552520500038E-007   2.0761949681727567E-006  -1.7048030681703282E-005
   7.6399999999999997        1.5138610655650522E-011  -5.3492337661576342E-010   1.0882418148444205E-008  -1.5324318158545317E-007   1.6207926973265080E-006  -1.3483525811523860E-005
   7.6799999999999997        1.1260402468639781E-011  -4.0225092464577207E-010   8.2765872309155489E-009  -1.1793229101508137E-007   1.2628080895054072E-006  -1.0642365044307525E-005
   7.7199999999999998        8.3618692704425803E-012  -3.0196548669038519E-010   6.2835058707677902E-009  -9.0588984509043428E-008   9.8197373689567074E-007  -8.3826467876792844E-006
   7.7599999999999998        6.1991856668134818E-012  -2.2629392930905516E-010   4.7618809862473638E-009  -6.9456125534869662E-008   7.6210895431335704E-007  -6.5892404298888480E-006
   7.7999999999999998        4.5882594087058875E-012  -1.6929509845106301E-010   3.6023155811209982E-009  -5.3154448873781597E-008   5.9032466272427562E-007  -5.1689637240296615E-006
   7.8399999999999999        3.3903424693492506E-012  -1.2643644827824228E-010   2.7202736348706516E-009  -4.0603545710037665E-008   4.5637665118004055E-007  -4.0465812251079775E-006
   7.8799999999999999        2.5010460858918097E-012  -9.4266447718025250E-011   2.0505574249099763E-009  -3.0958857032956249E-008   3.5214088108050598E-007  -3.1614937784366707E-006
   7.9199999999999999        1.8419700581495127E-012  -7.0161597071288782E-011   1.5429813029880921E-009  -2.3561547611280041E-008   2.7118888712836336E-007  -2.4650076700709621E-006
   7.9600000000000000        1.3543359639213963E-012  -5.2131446102939312E-011   1.1589898574093071E-009  -1.7898718437978989E-008   2.0844504642425614E-007  -1.9180883913661866E-006
   8.0000000000000000        9.9415351195021607E-013  -3.8668610131902705E-011   8.6901985024520365E-010  -1.3571897034219644E-008   1.5991062221171839E-007  -1.4895182375727115E-006
